Theta1,Theta2,Theta3,X,Y,Z,Orientation_1_1,Orientation_1_2,Orientation_1_3,Orientation_2_1,Orientation_2_2,Orientation_2_3,Orientation_3_1,Orientation_3_2,Orientation_3_3
0.737313,0.096171,0.865541,15.114257,6.834784,1.233236,0.989573,-0.125272,0.071084,-0.129891,-0.989424,0.064556,0.062245,-0.073116,-0.995379
0.737313,0.096171,1.057883,14.831547,5.583615,1.131901,0.947377,-0.312128,0.071084,-0.316633,-0.946349,0.064556,0.04712,-0.083667,-0.995379
0.737313,0.096171,1.250226,14.314734,4.410688,1.018922,0.870241,-0.487471,0.071084,-0.491696,-0.86837,0.064556,0.030258,-0.091131,-0.995379
0.737313,0.096171,1.442568,13.582878,3.359262,0.898466,0.761009,-0.644836,0.071084,-0.648626,-0.758365,0.064556,0.012279,-0.095235,-0.995379
0.737313,0.096171,1.570796,12.988537,2.745191,0.816196,0.672301,-0.736857,0.071084,-0.740278,-0.669194,0.064556,0.0,-0.096023,-0.995379
0.737313,0.160285,-1.442568,4.591228,13.14598,1.493341,-0.57333,0.810761,0.118148,0.81907,0.56357,0.107299,0.020409,0.15829,-0.987182
0.737313,0.160285,-1.250226,5.700458,13.76658,1.69355,-0.407773,0.905407,0.118148,0.911697,0.396605,0.107299,0.050291,0.151469,-0.987182
0.737313,0.160285,-1.057883,6.910452,14.161893,1.881333,-0.227177,0.96666,0.118148,0.970699,0.215012,0.107299,0.078318,0.139062,-0.987182
0.737313,0.160285,-0.865541,8.176582,14.31734,2.049762,-0.038203,0.992261,0.118148,0.9939,0.02549,0.107299,0.103457,0.121527,-0.987182
0.737313,0.160285,-0.673198,9.452153,14.227186,2.192627,0.152181,0.981265,0.118148,0.980444,-0.164973,0.107299,0.12478,0.099509,-0.987182
0.737313,0.160285,-0.480856,10.690119,13.894757,2.304657,0.336952,0.934079,0.118148,0.930828,-0.349351,0.107299,0.141501,0.073821,-0.987182
0.737313,0.160285,-0.352628,11.471882,13.544239,2.360122,0.453633,0.883322,0.118148,0.878512,-0.465515,0.107299,0.149779,0.05512,-0.987182
0.737313,0.160285,-0.160285,12.54716,12.839482,2.412212,0.614122,0.780317,0.118148,0.773324,-0.624865,0.107299,0.157554,0.025472,-0.987182
0.737313,0.160285,0.032057,13.470684,11.943631,2.425369,0.751962,0.648533,0.118148,0.639615,-0.76117,0.107299,0.159518,-0.005115,-0.987182
0.737313,0.160285,0.224399,14.208393,10.889726,2.399108,0.862068,0.492829,0.118148,0.482316,-0.869401,0.107299,0.155598,-0.035514,-0.987182
0.737313,0.160285,0.416742,14.733078,9.716638,2.334398,0.940379,0.318949,0.118148,0.307228,-0.945567,0.107299,0.14594,-0.064603,-0.987182
0.737313,0.160285,0.609084,15.025389,8.467631,2.233625,0.984007,0.133306,0.118148,0.120809,-0.98686,0.107299,0.130899,-0.09131,-0.987182
0.737313,0.160285,0.737313,15.085476,7.615467,2.148193,0.992975,0.006379,0.118148,-0.006379,-0.994206,0.107299,0.118148,-0.107299,-0.987182
0.737313,0.160285,0.929655,14.970961,6.342913,1.99617,0.975884,-0.183554,0.118148,-0.196313,-0.974653,0.107299,0.095458,-0.127906,-0.987182
0.737313,0.160285,1.121997,14.615298,5.118869,1.820559,0.9228,-0.366718,0.118148,-0.379006,-0.919152,0.107299,0.069248,-0.143795,-0.987182
0.737313,0.160285,1.31434,14.031604,3.98848,1.627837,0.835681,-0.536356,0.118148,-0.547721,-0.829752,0.107299,0.040483,-0.15438,-0.987182
0.737313,0.160285,1.506682,13.241407,2.993437,1.425111,0.717741,-0.686213,0.118148,-0.696235,-0.709749,0.107299,0.010226,-0.159272,-0.987182
0.737313,0.224399,-1.506682,4.170085,12.81922,1.98695,-0.624679,0.763309,0.164727,0.780752,0.606668,0.149601,0.014257,0.222064,-0.974928
0.737313,0.224399,-1.31434,5.224885,13.499753,2.269599,-0.467246,0.868646,0.164727,0.882324,0.446234,0.149601,0.056443,0.215243,-0.974928
0.737313,0.224399,-1.186112,5.994822,13.833542,2.45091,-0.35233,0.921265,0.164727,0.932143,0.329741,0.149601,0.083505,0.206258,-0.974928
0.737313,0.224399,-0.993769,7.218275,14.140692,2.704761,-0.169725,0.971627,0.164727,0.977986,0.145473,0.149601,0.121393,0.186492,-0.974928
0.737313,0.224399,-0.801427,8.483669,14.206175,2.928614,0.019139,0.986153,0.164727,0.98776,-0.04416,0.149601,0.154804,0.159848,-0.974928
0.737313,0.224399,-0.609084,9.744333,14.027575,3.114215,0.207298,0.964309,0.164727,0.961103,-0.232165,0.149601,0.182505,0.127308,-0.974928
0.737313,0.224399,-0.416742,10.953772,13.61148,3.254717,0.387812,0.9069,0.164727,0.898999,-0.411606,0.149601,0.203476,0.090073,-0.974928
0.737313,0.224399,-0.224399,12.06738,12.973235,3.344938,0.554022,0.816042,0.164727,0.803739,-0.575867,0.149601,0.216942,0.049516,-0.974928
0.737313,0.224399,-0.032057,13.044085,12.13638,3.381552,0.699799,0.695088,0.164727,0.678835,-0.71889,0.149601,0.222407,0.007132,-0.974928
0.737313,0.224399,0.096171,13.601126,11.483112,3.375429,0.782939,0.599893,0.164727,0.581332,-0.799795,0.149601,0.221493,-0.021367,-0.974928
0.737313,0.224399,0.288514,14.272711,10.386938,3.320697,0.883176,0.439165,0.164727,0.417724,-0.896173,0.149601,0.213324,-0.063313,-0.974928
0.737313,0.224399,0.480856,14.726058,9.187542,3.21325,0.950839,0.262239,0.164727,0.23871,-0.959498,0.149601,0.197287,-0.102924,-0.974928
0.737313,0.224399,0.673198,14.944444,7.929159,3.057053,0.983434,0.075642,0.164727,0.050892,-0.987436,0.149601,0.173974,-0.13874,-0.974928
0.737313,0.224399,0.865541,14.919818,6.6582,2.857865,0.979759,-0.113744,0.164727,-0.138804,-0.978955,0.149601,0.144244,-0.169438,-0.974928
0.737313,0.224399,1.057883,14.653085,5.42154,2.623034,0.939948,-0.298936,0.164727,-0.32338,-0.934369,0.149601,0.109195,-0.193887,-0.974928
0.737313,0.224399,1.250226,14.154085,4.26479,2.36122,0.86547,-0.473103,0.164727,-0.496029,-0.855321,0.149601,0.070118,-0.211185,-0.974928
0.737313,0.224399,1.378454,13.701134,3.559255,2.176424,0.797866,-0.579892,0.164727,-0.601333,-0.784868,0.149601,0.042537,-0.218417,-0.974928
0.737313,0.224399,1.570796,12.85985,2.628322,1.891428,0.672301,-0.721718,0.164727,-0.740278,-0.655445,0.149601,0.0,-0.222521,-0.974928
0.737313,0.288514,-1.442568,4.393723,12.966612,2.662261,-0.576029,0.789826,0.21063,0.816619,0.544557,0.191288,0.036385,0.282192,-0.958668
0.737313,0.288514,-1.250226,5.476474,13.563164,3.019186,-0.414425,0.885374,0.21063,0.905657,0.378411,0.191288,0.089657,0.270033,-0.958668
0.737313,0.288514,-1.057883,6.661632,13.935922,3.353956,-0.237536,0.948268,0.21063,0.961292,0.198309,0.191288,0.139623,0.247914,-0.958668
0.737313,0.288514,-0.865541,7.905487,14.071138,3.654225,-0.051886,0.976188,0.21063,0.981473,0.010893,0.191288,0.184439,0.216652,-0.958668
0.737313,0.288514,-0.737313,8.744716,14.026482,3.829702,0.073373,0.974809,0.21063,0.974809,-0.114705,0.191288,0.21063,0.191288,-0.958668
0.737313,0.288514,-0.54497,9.984149,13.759132,4.048673,0.258363,0.942806,0.21063,0.934905,-0.298932,0.191288,0.243312,0.147497,-0.958668
0.737313,0.288514,-0.352628,11.159739,13.260759,4.20752,0.433824,0.876032,0.21063,0.860521,-0.472135,0.191288,0.26702,0.098266,-0.958668
0.737313,0.288514,-0.160285,12.228128,12.549746,4.300384,0.593285,0.776948,0.21063,0.7544,-0.627925,0.191288,0.28088,0.045411,-0.958668
0.737313,0.288514,0.032057,13.149912,11.652314,4.32384,0.730864,0.649209,0.21063,0.620455,-0.760555,0.191288,0.284381,-0.00912,-0.958668
0.737313,0.288514,0.224399,13.891093,10.601564,4.277024,0.841489,0.497526,0.21063,0.463627,-0.865135,0.191288,0.277394,-0.063313,-0.958668
0.737313,0.288514,0.416742,14.424337,9.436248,4.161661,0.921077,0.327493,0.21063,0.289699,-0.937808,0.191288,0.260176,-0.115172,-0.958668
0.737313,0.288514,0.54497,14.654261,8.61682,4.048673,0.955394,0.20702,0.21063,0.167396,-0.967154,0.191288,0.243312,-0.147497,-0.958668
0.737313,0.288514,0.737313,14.801362,7.357442,3.829702,0.97735,0.020571,0.21063,-0.020571,-0.981318,0.191288,0.21063,-0.191288,-0.958668
0.737313,0.288514,0.929655,14.706953,6.103148,3.558683,0.963259,-0.166638,0.21063,-0.207779,-0.95929,0.191288,0.170179,-0.228024,-0.958668
0.737313,0.288514,1.121997,14.374515,4.900197,3.245612,0.913641,-0.3477,0.21063,-0.387324,-0.901881,0.191288,0.123452,-0.25635,-0.958668
0.737313,0.288514,1.31434,13.816311,3.792957,2.902035,0.830327,-0.515938,0.21063,-0.552583,-0.811209,0.191288,0.072172,-0.275222,-0.958668
0.737313,0.288514,1.506682,13.052926,2.822264,2.540624,0.716389,-0.665148,0.21063,-0.697463,-0.690619,0.191288,0.01823,-0.283943,-0.958668
0.737313,0.352628,-1.506682,3.929083,12.600347,3.083858,-0.626408,0.736375,0.255666,0.779181,0.582207,0.232189,0.022128,0.344655,-0.938468
0.737313,0.352628,-1.378454,4.594448,13.056309,3.377934,-0.5271,0.810432,0.255666,0.847235,0.477788,0.232189,0.06602,0.338996,-0.938468
0.737313,0.352628,-1.186112,5.697545,13.563562,3.80395,-0.362459,0.896247,0.255666,0.922944,0.307021,0.232189,0.129604,0.320125,-0.938468
0.737313,0.352628,-0.993769,6.890208,13.84275,4.197941,-0.184449,0.949006,0.255666,0.964614,0.12493,0.232189,0.188409,0.289446,-0.938468
0.737313,0.352628,-0.801427,8.128449,13.883574,4.545375,0.000363,0.966765,0.255666,0.970707,-0.061768,0.232189,0.240264,0.248093,-0.938468
0.737313,0.352628,-0.609084,9.366601,13.684529,4.833437,0.185162,0.948868,0.255666,0.940999,-0.246188,0.232189,0.283259,0.197589,-0.938468
0.737313,0.352628,-0.416742,10.558998,13.252957,5.051504,0.363131,0.895975,0.255666,0.876585,-0.421528,0.232189,0.315806,0.139798,-0.938468
0.737313,0.352628,-0.224399,11.661663,12.604774,5.191533,0.527708,0.810036,0.255666,0.779842,-0.581322,0.232189,0.336706,0.076851,-0.938468
0.737313,0.352628,-0.096171,12.326656,12.063814,5.238856,0.626961,0.735904,0.255666,0.699101,-0.676273,0.232189,0.343769,0.033163,-0.938468
0.737313,0.352628,0.096171,13.191711,11.111292,5.238856,0.756074,0.602484,0.255666,0.556934,-0.797441,0.232189,0.343769,-0.033163,-0.938468
0.737313,0.352628,0.288514,13.869935,10.021147,5.153908,0.857301,0.446844,0.255666,0.394226,-0.889199,0.232189,0.33109,-0.098266,-0.938468
0.737313,0.352628,0.480856,14.336314,8.833587,4.987146,0.92691,0.274723,0.255666,0.216978,-0.948161,0.232189,0.3062,-0.159745,-0.938468
0.737313,0.352628,0.673198,14.573646,7.59241,4.744719,0.962333,0.09247,0.255666,0.031728,-0.972153,0.232189,0.270017,-0.215332,-0.938468
0.737313,0.352628,0.865541,14.573179,6.343392,4.435568,0.962263,-0.093193,0.255666,-0.154693,-0.960291,0.232189,0.223875,-0.262977,-0.938468
0.737313,0.352628,0.993769,14.440403,5.529146,4.197941,0.942445,-0.215479,0.255666,-0.276222,-0.932625,0.232189,0.188409,-0.289446,-0.938468
0.737313,0.352628,1.186112,14.047982,4.368803,3.80395,0.883875,-0.391662,0.255666,-0.449408,-0.862624,0.232189,0.129604,-0.320125,-0.938468
0.737313,0.352628,1.378454,13.43715,3.319512,3.377934,0.792706,-0.5534,0.255666,-0.606018,-0.760809,0.232189,0.06602,-0.338996,-0.938468
0.737313,0.352628,1.570796,12.630434,2.419972,2.935603,0.672301,-0.694728,0.255666,-0.740278,-0.630933,0.232189,0.0,-0.345365,-0.938468
0.737313,0.416742,-1.442568,4.087184,12.688221,3.787467,-0.580219,0.757334,0.299652,0.812814,0.515049,0.272136,0.051763,0.40146,-0.914413
0.737313,0.416742,-1.250226,5.128838,13.24745,4.295247,-0.424748,0.854282,0.299652,0.896281,0.350174,0.272136,0.127551,0.384162,-0.914413
0.737313,0.416742,-1.057883,6.275449,13.585201,4.771508,-0.253612,0.919723,0.299652,0.946692,0.172385,0.272136,0.198634,0.352695,-0.914413
0.737313,0.416742,-0.929655,7.077397,13.680822,5.062763,-0.133918,0.944603,0.299652,0.960964,0.049909,0.272136,0.242105,0.324399,-0.914413
0.737313,0.416742,-0.737313,8.303755,13.626013,5.448328,0.04912,0.952783,0.299652,0.952783,-0.134708,0.272136,0.299652,0.272136,-0.914413
0.737313,0.416742,-0.54497,9.517975,13.335765,5.759847,0.230347,0.925823,0.299652,0.909463,-0.314356,0.272136,0.346148,0.209837,-0.914413
0.737313,0.416742,-0.352628,10.675275,12.820782,5.98583,0.403078,0.864718,0.299652,0.832599,-0.482411,0.272136,0.379876,0.139798,-0.914413
0.737313,0.416742,-0.160285,11.732972,12.100058,6.117943,0.560943,0.771719,0.299652,0.725029,-0.632673,0.272136,0.399595,0.064603,-0.914413
0.737313,0.416742,0.032057,12.652055,11.200173,6.151313,0.69812,0.650259,0.299652,0.590717,-0.759602,0.272136,0.404575,-0.012974,-0.914413
0.737313,0.416742,0.224399,13.398627,10.154319,6.08471,0.809549,0.504816,0.299652,0.43462,-0.858515,0.272136,0.394635,-0.090073,-0.914413
0.737313,0.416742,0.352628,13.786611,9.394856,5.98583,0.867457,0.397149,0.299652,0.321267,-0.907044,0.272136,0.379876,-0.139798,-0.914413
0.737313,0.416742,0.54497,14.188087,8.193453,5.759847,0.927379,0.224003,0.299652,0.141953,-0.951731,0.272136,0.346148,-0.209837,-0.914413
0.737313,0.416742,0.737313,14.360401,6.956973,5.448328,0.953097,0.042596,0.299652,-0.042596,-0.961315,0.272136,0.299652,-0.272136,-0.914413
0.737313,0.416742,0.929655,14.297198,5.731019,5.062763,0.943664,-0.140382,0.299652,-0.225574,-0.935445,0.272136,0.242105,-0.324399,-0.914413
0.737313,0.416742,1.121997,14.000808,4.560806,4.617372,0.899427,-0.318183,0.299652,-0.400233,-0.875075,0.272136,0.175629,-0.364697,-0.914413
0.737313,0.416742,1.31434,13.482164,3.489493,4.128582,0.822017,-0.484249,0.299652,-0.56013,-0.78243,0.272136,0.102675,-0.391545,-0.914413
0.737313,0.416742,1.506682,12.760393,2.556593,3.61442,0.71429,-0.632454,0.299652,-0.699369,-0.660927,0.272136,0.025935,-0.403952,-0.914413
0.737313,0.480856,-1.570796,3.295223,12.043288,3.931575,-0.672301,0.65633,0.342407,0.740278,0.596062,0.310965,-0.0,0.462538,-0.886599
0.737313,0.480856,-1.378454,4.218891,12.715237,4.523977,-0.53444,0.772743,0.342407,0.840569,0.443559,0.310965,0.088418,0.454009,-0.886599
0.737313,0.480856,-1.186112,5.274623,13.179476,5.09453,-0.376868,0.860656,0.342407,0.909858,0.274697,0.310965,0.173575,0.428734,-0.886599
0.737313,0.480856,-0.993769,6.423482,13.418882,5.622192,-0.205396,0.916826,0.342407,0.945591,0.095705,0.310965,0.252331,0.387648,-0.886599
0.737313,0.480856,-0.801427,7.623096,13.424626,6.0875,-0.02635,0.939182,0.342407,0.946448,-0.086818,0.310965,0.32178,0.332264,-0.886599
0.737313,0.480856,-0.609084,8.829221,13.196495,6.473295,0.153669,0.9269,0.342407,0.912398,-0.266139,0.310965,0.379361,0.264626,-0.886599
0.737313,0.480856,-0.416742,9.997374,12.742904,6.765346,0.32802,0.880432,0.342407,0.844698,-0.435644,0.310965,0.422951,0.187228,-0.886599
0.737313,0.480856,-0.288514,10.733664,12.323191,6.902493,0.437914,0.831257,0.342407,0.782055,-0.540085,0.310965,0.443421,0.131605,-0.886599
0.737313,0.480856,-0.096171,11.744202,11.534844,7.016262,0.588741,0.732217,0.342407,0.664391,-0.679622,0.310965,0.460401,0.044414,-0.886599
0.737313,0.480856,0.096171,12.609257,10.582322,7.016262,0.717853,0.606171,0.342407,0.522223,-0.794093,0.310965,0.460401,-0.044414,-0.886599
0.737313,0.480856,0.288514,13.296926,9.500755,6.902493,0.820491,0.457769,0.342407,0.360795,-0.879277,0.310965,0.443421,-0.131605,-0.886599
0.737313,0.480856,0.480856,13.781845,8.330033,6.679153,0.892867,0.292484,0.342407,0.186061,-0.932031,0.310965,0.410086,-0.213942,-0.886599
0.737313,0.480856,0.673198,14.04613,7.113333,6.354476,0.932312,0.116411,0.342407,0.004464,-0.950411,0.310965,0.361627,-0.288388,-0.886599
0.737313,0.480856,0.801427,14.094585,6.298798,6.0875,0.939544,-0.003766,0.342407,-0.117109,-0.943179,0.310965,0.32178,-0.332264,-0.886599
0.737313,0.480856,0.993769,13.973677,5.105278,5.622192,0.921498,-0.183299,0.342407,-0.295246,-0.9034,0.310965,0.252331,-0.387648,-0.886599
0.737313,0.480856,1.186112,13.62506,3.984717,5.09453,0.869466,-0.356071,0.342407,-0.462494,-0.830301,0.310965,0.173575,-0.428734,-0.886599
0.737313,0.480856,1.378454,13.061592,2.97844,4.523977,0.785366,-0.515711,0.342407,-0.612684,-0.72658,0.310965,0.088418,-0.454009,-0.886599
0.737313,0.480856,1.570796,12.304055,2.123563,3.931575,0.672301,-0.65633,0.342407,-0.740278,-0.596062,0.310965,0.0,-0.462538,-0.886599
0.737313,0.54497,-1.442568,3.676645,12.31538,4.850484,-0.58583,0.713818,0.383755,0.807719,0.475529,0.348516,0.066291,0.514137,-0.855143
0.737313,0.54497,-1.250226,4.663258,12.824623,5.50078,-0.438574,0.812641,0.383755,0.883725,0.312357,0.348516,0.16335,0.491983,-0.855143
0.737313,0.54497,-1.121997,5.383635,13.043632,5.913315,-0.331055,0.862053,0.383755,0.916413,0.196784,0.348516,0.224922,0.467056,-0.855143
0.737313,0.54497,-0.929655,6.528623,13.18244,6.483712,-0.160161,0.90944,0.383755,0.937131,0.017975,0.348516,0.310056,0.415447,-0.855143
0.737313,0.54497,-0.737313,7.713188,13.089676,6.977493,0.01664,0.923285,0.383755,0.923285,-0.161497,0.348516,0.383755,0.348516,-0.855143
0.737313,0.54497,-0.54497,8.893641,12.768762,7.376445,0.192827,0.903078,0.383755,0.875388,-0.335013,0.348516,0.4433,0.268731,-0.855143
0.737313,0.54497,-0.352628,10.026446,12.231533,7.665854,0.361902,0.849564,0.383755,0.795204,-0.496173,0.348516,0.486495,0.179035,-0.855143
0.737313,0.54497,-0.160285,11.069822,11.497803,7.835046,0.51763,0.764717,0.383755,0.685692,-0.639033,0.348516,0.511748,0.082735,-0.855143
0.737313,0.54497,0.032057,11.985288,10.594633,7.877783,0.654266,0.651665,0.383755,0.550891,-0.758325,0.348516,0.518126,-0.016615,-0.855143
0.737313,0.54497,0.160285,12.50763,9.914616,7.835046,0.732228,0.56265,0.383755,0.449396,-0.822545,0.348516,0.511748,-0.082735,-0.855143
0.737313,0.54497,0.352628,13.137782,8.805606,7.665854,0.82628,0.412302,0.383755,0.283872,-0.893282,0.348516,0.486495,-0.179035,-0.855143
0.737313,0.54497,0.54497,13.563753,7.62645,7.376445,0.889858,0.246748,0.383755,0.107878,-0.931074,0.348516,0.4433,-0.268731,-0.855143
0.737313,0.54497,0.737313,13.769834,6.420636,6.977493,0.920617,0.072094,0.383755,-0.072094,-0.934526,0.348516,0.383755,-0.348516,-0.855143
0.737313,0.54497,0.929655,13.748423,5.232637,6.483712,0.917421,-0.105219,0.383755,-0.249407,-0.903511,0.348516,0.310056,-0.415447,-0.855143
0.737313,0.54497,1.121997,13.500312,4.106268,5.913315,0.880389,-0.278652,0.383755,-0.417522,-0.839174,0.348516,0.224922,-0.467056,-0.855143
0.737313,0.54497,1.31434,13.034649,3.083072,5.287338,0.810888,-0.441807,0.383755,-0.570238,-0.743886,0.348516,0.131493,-0.501438,-0.855143
0.737313,0.54497,1.442568,12.611514,2.477095,4.850484,0.747733,-0.541874,0.383755,-0.660682,-0.664858,0.348516,0.066291,-0.514137,-0.855143
0.737313,0.609084,-1.570796,2.87724,11.663687,4.862992,-0.672301,0.607155,0.423525,0.740278,0.551403,0.384635,-0.0,0.572117,-0.820172
0.737313,0.609084,-1.378454,3.737927,12.278439,5.595737,-0.54384,0.724475,0.423525,0.832032,0.399724,0.384635,0.109365,0.561566,-0.820172
0.737313,0.609084,-1.186112,4.733001,12.687589,6.301458,-0.395322,0.815075,0.423525,0.893099,0.233302,0.384635,0.214697,0.530305,-0.820172
0.737313,0.609084,-0.993769,5.825762,12.876049,6.954126,-0.232223,0.875613,0.423525,0.921228,0.058276,0.384635,0.31211,0.479484,-0.820172
0.737313,0.609084,-0.801427,6.975907,12.836866,7.529669,-0.060559,0.903858,0.423525,0.915379,-0.118899,0.384635,0.398012,0.41098,-0.820172
0.737313,0.609084,-0.673198,7.753643,12.684644,7.859894,0.055521,0.904181,0.423525,0.89266,-0.234979,0.384635,0.447299,0.356709,-0.820172
0.737313,0.609084,-0.480856,8.904825,12.2734,8.261488,0.227339,0.876894,0.423525,0.83128,-0.401285,0.384635,0.507238,0.264626,-0.820172
0.737313,0.609084,-0.288514,9.99983,11.656742,8.53774,0.390772,0.817266,0.423525,0.739241,-0.552791,0.384635,0.54847,0.162783,-0.820172
0.737313,0.609084,-0.096171,10.998272,10.857411,8.678461,0.539794,0.727495,0.423525,0.619938,-0.68391,0.384635,0.569473,0.054936,-0.820172
0.737313,0.609084,0.096171,11.863327,9.904889,8.678461,0.668906,0.610893,0.423525,0.477771,-0.789805,0.384635,0.569473,-0.054936,-0.820172
0.737313,0.609084,0.288514,12.563091,8.834306,8.53774,0.773349,0.471761,0.423525,0.317982,-0.86657,0.384635,0.54847,-0.162783,-0.820172
0.737313,0.609084,0.480856,13.071755,7.685148,8.261488,0.849269,0.315229,0.423525,0.146466,-0.911375,0.384635,0.507238,-0.264626,-0.820172
0.737313,0.609084,0.609084,13.29512,6.896246,8.006861,0.882607,0.204039,0.423525,0.02872,-0.922622,0.384635,0.469234,-0.327317,-0.820172
0.737313,0.609084,0.801427,13.447396,5.711038,7.529669,0.905334,0.031558,0.423525,-0.148177,-0.911098,0.384635,0.398012,-0.41098,-0.820172
0.737313,0.609084,0.993769,13.375957,4.562445,6.954126,0.894672,-0.142086,0.423525,-0.319609,-0.865971,0.384635,0.31211,-0.479484,-0.820172
0.737313,0.609084,1.186112,13.083438,3.49283,6.301458,0.851012,-0.31049,0.423525,-0.479253,-0.788906,0.384635,0.214697,-0.530305,-0.820172
0.737313,0.609084,1.378454,12.580628,2.541642,5.595737,0.775966,-0.467443,0.423525,-0.621221,-0.682745,0.384635,0.109365,-0.561566,-0.820172
0.737313,0.609084,1.570796,11.886071,1.743962,4.862992,0.672301,-0.607155,0.423525,-0.740278,-0.551403,0.384635,0.0,-0.572117,-0.820172
0.737313,0.673198,-1.442568,3.168846,11.85421,5.833855,-0.59277,0.659993,0.461556,0.801416,0.426646,0.419173,0.07973,0.618371,-0.781831
0.737313,0.673198,-1.31434,3.766919,12.175667,6.359275,-0.503505,0.730376,0.461556,0.849395,0.32066,0.419173,0.158151,0.603098,-0.781831
0.737313,0.673198,-1.121997,4.764567,12.481411,7.112161,-0.354602,0.813157,0.461556,0.895028,0.152378,0.419173,0.270522,0.561745,-0.781831
0.737313,0.673198,-0.929655,5.84984,12.565988,7.798199,-0.192621,0.865947,0.461556,0.907651,-0.021524,0.419173,0.372916,0.499673,-0.781831
0.737313,0.673198,-0.737313,6.982711,12.426276,8.392087,-0.023536,0.886799,0.461556,0.886799,-0.194633,0.419173,0.461556,0.419173,-0.781831
0.737313,0.673198,-0.54497,8.121398,12.067431,8.871921,0.146417,0.874945,0.461556,0.83324,-0.360563,0.419173,0.533173,0.323212,-0.781831
0.737313,0.673198,-0.352628,9.223905,11.502686,9.220004,0.310971,0.830821,0.461556,0.74895,-0.513195,0.419173,0.585125,0.215332,-0.781831
0.737313,0.673198,-0.160285,10.249568,10.75287,9.423498,0.464055,0.756055,0.461556,0.637037,-0.646899,0.419173,0.615498,0.099509,-0.781831
0.737313,0.673198,-0.032057,10.871812,10.16358,9.474899,0.556927,0.690506,0.461556,0.549083,-0.723051,0.419173,0.623169,0.019984,-0.781831
0.737313,0.673198,0.160285,11.687376,9.169683,9.423498,0.678653,0.571311,0.461556,0.40074,-0.814679,0.419173,0.615498,-0.099509,-0.781831
0.737313,0.673198,0.352628,12.33524,8.076759,9.220004,0.775349,0.431045,0.461556,0.237617,-0.87626,0.419173,0.585125,-0.215332,-0.781831
0.737313,0.673198,0.54497,12.79151,6.925119,8.871921,0.843449,0.274882,0.461556,0.065731,-0.905524,0.419173,0.533173,-0.323212,-0.781831
0.737313,0.673198,0.737313,13.039357,5.757236,8.392087,0.880441,0.10858,0.461556,-0.10858,-0.90139,0.419173,0.461556,-0.419173,-0.781831
0.737313,0.673198,0.929655,13.069641,4.616185,7.798199,0.884961,-0.061726,0.461556,-0.278886,-0.864012,0.419173,0.372916,-0.499673,-0.781831
0.737313,0.673198,1.057883,12.968076,3.89126,7.349578,0.869802,-0.174386,0.461556,-0.387084,-0.821255,0.419173,0.305957,-0.543258,-0.781831
0.737313,0.673198,1.250226,12.637263,2.887252,6.615991,0.820427,-0.33744,0.461556,-0.536936,-0.732116,0.419173,0.196467,-0.591727,-0.781831
0.737313,0.673198,1.442568,12.103715,2.015926,5.833855,0.740793,-0.488049,0.461556,-0.666985,-0.615975,0.419173,0.07973,-0.618371,-0.781831
0.737313,0.737313,-1.570796,2.374516,11.207126,5.714558,-0.672301,0.548012,0.49769,0.740278,0.49769,0.451988,-0.0,0.672301,-0.740278
0.737313,0.737313,-1.378454,3.159454,11.753085,6.575616,-0.555146,0.666422,0.49769,0.821764,0.347001,0.451988,0.128516,0.659903,-0.740278
0.737313,0.737313,-1.186112,4.081572,12.095979,7.404916,-0.417516,0.760253,0.49769,0.872943,0.183515,0.451988,0.252292,0.623167,-0.740278
0.737313,0.737313,-0.993769,5.106862,12.223163,8.171874,-0.264488,0.826046,0.49769,0.891925,0.01326,0.451988,0.366764,0.563447,-0.740278
0.737313,0.737313,-0.865541,5.829148,12.185462,8.634448,-0.156684,0.853086,0.49769,0.886298,-0.100906,0.451988,0.435805,0.511921,-0.740278
0.737313,0.737313,-0.673198,6.941107,11.94672,9.236252,0.00928,0.867306,0.49769,0.850665,-0.268468,0.451988,0.525626,0.419173,-0.740278
0.737313,0.737313,-0.480856,8.050773,11.497773,9.70817,0.174902,0.849538,0.49769,0.783658,-0.426129,0.451988,0.596062,0.310965,-0.740278
0.737313,0.737313,-0.288514,9.11722,10.855179,10.032796,0.334073,0.800438,0.49769,0.687748,-0.568074,0.451988,0.644513,0.191288,-0.740278
0.737313,0.737313,-0.096171,10.101115,10.042637,10.198159,0.480923,0.721816,0.49769,0.566474,-0.689068,0.451988,0.669194,0.064556,-0.740278
0.737313,0.737313,0.096171,10.96617,9.090114,10.198159,0.610036,0.616573,0.49769,0.424306,-0.784647,0.451988,0.669194,-0.064556,-0.740278
0.737313,0.737313,0.288514,11.680481,8.032743,10.032796,0.716649,0.488589,0.49769,0.266489,-0.851287,0.451988,0.644513,-0.191288,-0.740278
0.737313,0.737313,0.416742,12.059672,7.288721,9.833452,0.773245,0.392934,0.49769,0.155441,-0.878376,0.451988,0.61476,-0.272136,-0.740278
0.737313,0.737313,0.609084,12.467391,6.144525,9.408955,0.834098,0.237876,0.49769,-0.015334,-0.891892,0.451988,0.551403,-0.384635,-0.740278
0.737313,0.737313,0.801427,12.668998,5.004117,8.848201,0.864189,0.074044,0.49769,-0.185544,-0.872513,0.451988,0.467708,-0.482947,-0.740278
0.737313,0.737313,0.993769,12.657057,3.909559,8.171874,0.862407,-0.092518,0.49769,-0.348911,-0.820955,0.451988,0.366764,-0.563447,-0.740278
0.737313,0.737313,1.186112,12.43201,2.90122,7.404916,0.828818,-0.255669,0.49769,-0.49941,-0.739119,0.451988,0.252292,-0.623167,-0.740278
0.737313,0.737313,1.378454,12.002155,2.016288,6.575616,0.76466,-0.40939,0.49769,-0.631489,-0.630022,0.451988,0.128516,-0.659903,-0.740278
0.737313,0.737313,1.570796,11.383348,1.287401,5.714558,0.672301,-0.548012,0.49769,-0.740278,-0.49769,0.451988,0.0,-0.672301,-0.740278
0.737313,0.801427,-1.506682,2.324234,11.142866,6.414336,-0.637924,0.557015,0.531778,0.768723,0.419317,0.482947,0.046025,0.716873,-0.695683
0.737313,0.801427,-1.31434,3.116455,11.584933,7.326794,-0.519681,0.668688,0.531778,0.834703,0.264637,0.482947,0.182213,0.694856,-0.695683
0.737313,0.801427,-1.121997,4.037094,11.820739,8.194226,-0.382273,0.755698,0.531778,0.869898,0.100196,0.482947,0.31168,0.64721,-0.695683
0.737313,0.801427,-0.929655,5.052195,11.841587,8.98464,-0.230765,0.814837,0.531778,0.87301,-0.067941,0.482947,0.429652,0.575695,-0.695683
0.737313,0.801427,-0.737313,6.12432,11.646708,9.668884,-0.070746,0.843923,0.531778,0.843923,-0.233571,0.482947,0.531778,0.482947,-0.695683
0.737313,0.801427,-0.54497,7.213927,11.243289,10.221721,0.091881,0.841885,0.531778,0.783712,-0.390587,0.482947,0.614291,0.372387,-0.695683
0.737313,0.801427,-0.416742,7.93018,10.865534,10.506983,0.198785,0.823223,0.531778,0.72733,-0.487599,0.482947,0.656868,0.290776,-0.695683
0.737313,0.801427,-0.224399,8.959973,10.151171,10.79824,0.352485,0.770043,0.531778,0.620709,-0.617643,0.482947,0.700339,0.159848,-0.695683
0.737313,0.801427,-0.032057,9.902665,9.283426,10.916437,0.493186,0.688462,0.531778,0.491195,-0.724907,0.482947,0.71798,0.023024,-0.695683
0.737313,0.801427,0.160285,10.723486,8.294303,10.857217,0.615696,0.581489,0.531778,0.343565,-0.805435,0.482947,0.709141,-0.114648,-0.695683
0.737313,0.801427,0.352628,11.392165,7.220283,10.622762,0.715499,0.453071,0.531778,0.183263,-0.856258,0.482947,0.674148,-0.248093,-0.695683
0.737313,0.801427,0.54497,11.884038,6.100977,10.221721,0.788913,0.307942,0.531778,0.016202,-0.8755,0.482947,0.614291,-0.372387,-0.695683
0.737313,0.801427,0.737313,12.180966,4.977668,9.668884,0.833231,0.151456,0.531778,-0.151456,-0.862452,0.482947,0.531778,-0.482947,-0.695683
0.737313,0.801427,0.865541,12.264896,4.24707,9.225854,0.845757,0.043661,0.531778,-0.2605,-0.836004,0.482947,0.465654,-0.546984,-0.695683
0.737313,0.801427,1.057883,12.216319,3.208534,8.467764,0.838507,-0.118818,0.531778,-0.415506,-0.77079,0.482947,0.352507,-0.625911,-0.695683
0.737313,0.801427,1.250226,11.960541,2.272671,7.622567,0.800331,-0.276915,0.531778,-0.555186,-0.677149,0.482947,0.226358,-0.681754,-0.695683
0.737313,0.801427,1.442568,11.506995,1.474,6.721435,0.732638,-0.424798,0.531778,-0.674391,-0.558533,0.482947,0.09186,-0.712452,-0.695683
0.737313,0.865541,-1.570796,1.795306,10.681104,6.472291,-0.672301,0.479869,0.563682,0.740278,0.435805,0.511921,-0.0,0.761446,-0.648228
0.737313,0.865541,-1.378454,2.49297,11.147802,7.447522,-0.568172,0.599536,0.563682,0.809934,0.286257,0.511921,0.145557,0.747404,-0.648228
0.737313,0.865541,-1.186112,3.331034,11.414359,8.386786,-0.443088,0.697091,0.563682,0.849719,0.126153,0.511921,0.285746,0.705797,-0.648228
0.737313,0.865541,-1.057883,3.952658,11.475704,8.975778,-0.350308,0.748029,0.563682,0.858875,0.016457,0.511921,0.373655,0.663462,-0.648228
0.737313,0.865541,-0.865541,4.953988,11.390664,9.77935,-0.200856,0.801199,0.563682,0.846183,-0.148028,0.511921,0.493591,0.5798,-0.648228
0.737313,0.865541,-0.673198,6.00495,11.096527,10.460951,-0.043996,0.82482,0.563682,0.802281,-0.307053,0.511921,0.595322,0.474754,-0.648228
0.737313,0.865541,-0.480856,7.066784,10.60414,10.995444,0.114487,0.818019,0.563682,0.728791,-0.454754,0.511921,0.675097,0.352198,-0.648228
0.737313,0.865541,-0.288514,8.100328,9.931664,11.363115,0.268747,0.781049,0.563682,0.628421,-0.585682,0.511921,0.729974,0.216652,-0.648228
0.737313,0.865541,-0.096171,9.067462,9.1039,11.550404,0.413095,0.715273,0.563682,0.504874,-0.69501,0.511921,0.757927,0.073116,-0.648228
0.737313,0.865541,0.096171,9.932517,8.151378,11.550404,0.542208,0.623116,0.563682,0.362707,-0.778705,0.511921,0.757927,-0.073116,-0.648228
0.737313,0.865541,0.224399,10.436563,7.46425,11.446069,0.617439,0.548664,0.563682,0.260151,-0.818693,0.511921,0.742355,-0.169438,-0.648228
0.737313,0.865541,0.416742,11.062985,6.383556,11.137338,0.710935,0.420517,0.563682,0.098853,-0.853326,0.511921,0.696276,-0.308221,-0.648228
0.737313,0.865541,0.609084,11.513729,5.278434,10.656554,0.77821,0.276861,0.563682,-0.066091,-0.856487,0.511921,0.624517,-0.435636,-0.648228
0.737313,0.865541,0.801427,11.772172,4.189644,10.021446,0.816784,0.122994,0.563682,-0.228597,-0.828058,0.511921,0.529725,-0.546984,-0.648228
0.737313,0.865541,0.993769,11.828782,3.157341,9.255439,0.825233,-0.035409,0.563682,-0.382672,-0.76909,0.511921,0.415395,-0.638159,-0.648228
0.737313,0.865541,1.186112,11.681471,2.2196,8.386786,0.803246,-0.192506,0.563682,-0.522633,-0.681756,0.511921,0.285746,-0.705797,-0.648228
0.737313,0.865541,1.31434,11.472352,1.664235,7.766357,0.772034,-0.293643,0.563682,-0.605523,-0.609326,0.511921,0.193144,-0.736543,-0.648228
0.737313,0.865541,1.506682,11.000877,0.958647,6.799157,0.701665,-0.435809,0.563682,-0.710835,-0.482339,0.511921,0.048786,-0.759881,-0.648228
0.737313,0.929655,-1.506682,1.679269,10.557126,7.156039,-0.642551,0.484933,0.593269,0.76452,0.353854,0.538791,0.051347,0.799767,-0.598111
0.737313,0.929655,-1.31434,2.379742,10.91587,8.174007,-0.538003,0.598819,0.593269,0.818064,0.201184,0.538791,0.203282,0.775203,-0.598111
0.737313,0.929655,-1.121997,3.21316,11.072464,9.141742,-0.413612,0.690621,0.593269,0.841437,0.041094,0.538791,0.34772,0.722049,-0.598111
0.737313,0.929655,-0.929655,4.148785,11.021134,10.023553,-0.273967,0.756951,0.593269,0.833775,-0.120511,0.538791,0.479334,0.642264,-0.598111
0.737313,0.929655,-0.737313,5.152108,10.763771,10.786917,-0.124217,0.795363,0.593269,0.795363,-0.277672,0.538791,0.593269,0.538791,-0.598111
0.737313,0.929655,-0.609084,5.84039,10.482117,11.215907,-0.021488,0.804718,0.593269,0.753325,-0.377102,0.538791,0.657297,0.458502,-0.598111
0.737313,0.929655,-0.416742,6.873697,9.906064,11.721928,0.132737,0.793986,0.593269,0.667347,-0.514152,0.538791,0.732823,0.324399,-0.598111
0.737313,0.929655,-0.224399,7.874204,9.165104,12.046863,0.282066,0.75397,0.593269,0.556756,-0.63224,0.538791,0.781321,0.178331,-0.598111
0.737313,0.929655,-0.032057,8.805011,8.286566,12.178728,0.420992,0.686147,0.593269,0.425631,-0.727009,0.538791,0.801002,0.025687,-0.598111
0.737313,0.929655,0.160285,9.631787,7.302851,12.11266,0.544392,0.593017,0.593269,0.278808,-0.794966,0.538791,0.791141,-0.127906,-0.598111
0.737313,0.929655,0.352628,10.32404,6.250241,11.851095,0.647713,0.478017,0.593269,0.121702,-0.833602,0.538791,0.752101,-0.27678,-0.598111
0.737313,0.929655,0.54497,10.856239,5.167557,11.40368,0.727146,0.345386,0.593269,-0.039893,-0.841494,0.538791,0.685323,-0.415447,-0.598111
0.737313,0.929655,0.673198,11.112159,4.448778,11.010037,0.765343,0.249565,0.593269,-0.147173,-0.829484,0.538791,0.62657,-0.499673,-0.598111
0.737313,0.929655,0.865541,11.337231,3.40459,10.29266,0.798936,0.098661,0.593269,-0.303022,-0.786054,0.538791,0.519499,-0.610233,-0.598111
0.737313,0.929655,1.057883,11.364881,2.43528,9.44691,0.803062,-0.055882,0.593269,-0.447696,-0.713634,0.538791,0.393268,-0.698287,-0.598111
0.737313,0.929655,1.250226,11.194087,1.576599,8.50398,0.777571,-0.208364,0.593269,-0.575857,-0.614893,0.538791,0.252532,-0.760586,-0.598111
0.737313,0.929655,1.442568,10.831151,0.860216,7.498649,0.723401,-0.353161,0.593269,-0.68278,-0.493474,0.538791,0.102482,-0.794834,-0.598111
0.737313,0.993769,-1.570796,1.149122,10.094256,7.123749,-0.672301,0.403847,0.620418,0.740278,0.366764,0.563447,-0.0,0.838088,-0.545535
0.737313,0.993769,-1.378454,1.74942,10.472529,8.197141,-0.582704,0.524916,0.620418,0.796737,0.21849,0.563447,0.160208,0.822633,-0.545535
0.737313,0.993769,-1.250226,2.231209,10.6159,8.893142,-0.510795,0.595121,0.620418,0.818135,0.114811,0.563447,0.264088,0.795392,-0.545535
0.737313,0.993769,-1.057883,3.056529,10.661862,9.879221,-0.387613,0.68179,0.620418,0.824995,-0.043699,0.563447,0.411265,0.730242,-0.545535
0.737313,0.993769,-0.865541,3.97763,10.503963,10.763675,-0.250135,0.743313,0.620418,0.801428,-0.200599,0.563447,0.543273,0.638159,-0.545535
0.737313,0.993769,-0.673198,4.960543,10.148024,11.513881,-0.103432,0.777421,0.620418,0.748303,-0.350099,0.563447,0.655244,0.522539,-0.545535
0.737313,0.993769,-0.480856,5.969014,9.607174,12.102173,0.047086,0.782856,0.620418,0.667579,-0.486688,0.563447,0.743048,0.387648,-0.545535
0.737313,0.993769,-0.288514,6.96585,8.901361,12.506851,0.195867,0.759419,0.620418,0.562234,-0.605326,0.563447,0.803448,0.238459,-0.545535
0.737313,0.993769,-0.160285,7.605728,8.351805,12.666962,0.291372,0.728137,0.620418,0.480211,-0.672254,0.563447,0.827345,0.133759,-0.545535
0.737313,0.993769,0.032057,8.502299,7.431475,12.736054,0.425188,0.659012,0.620418,0.342848,-0.751653,0.563447,0.837658,-0.026862,-0.545535
0.737313,0.993769,0.224399,9.293803,6.426426,12.598155,0.543323,0.56558,0.620418,0.192841,-0.80333,0.563447,0.817075,-0.186492,-0.545535
0.737313,0.993769,0.416742,9.951048,5.373724,12.25835,0.641419,0.45129,0.620418,0.035721,-0.825379,0.563447,0.766358,-0.339244,-0.545535
0.737313,0.993769,0.609084,10.449793,4.312196,11.729172,0.715859,0.320355,0.620418,-0.122716,-0.816987,0.563447,0.687377,-0.479484,-0.545535
0.737313,0.993769,0.801427,10.771645,3.280991,11.030139,0.763897,0.177604,0.620418,-0.276627,-0.778463,0.563447,0.583043,-0.60204,-0.545535
0.737313,0.993769,0.993769,10.904731,2.318143,10.187031,0.78376,0.028304,0.620418,-0.420336,-0.711228,0.563447,0.457206,-0.702392,-0.545535
0.737313,0.993769,1.121997,10.885869,1.731901,9.560089,0.780945,-0.072154,0.620418,-0.507835,-0.651637,0.563447,0.363633,-0.755091,-0.545535
0.737313,0.993769,1.31434,10.696969,0.960053,8.548068,0.752751,-0.220107,0.620418,-0.623036,-0.542543,0.563447,0.212585,-0.810678,-0.545535
0.737313,0.993769,1.506682,10.322059,0.342162,7.483515,0.696794,-0.359943,0.620418,-0.715258,-0.41344,0.563447,0.053696,-0.836366,-0.545535
0.737313,1.057883,-1.506682,0.969386,9.912429,7.78024,-0.647645,0.405596,0.645018,0.759894,0.281802,0.585788,0.055826,0.869528,-0.490718
0.737313,1.057883,-1.31434,1.568876,10.179463,8.887003,-0.558169,0.521919,0.645018,0.79975,0.131345,0.585788,0.221014,0.842822,-0.490718
0.737313,1.057883,-1.121997,2.306294,10.248873,9.939151,-0.448106,0.618993,0.645018,0.81011,-0.023956,0.585788,0.378051,0.785031,-0.490718
0.737313,1.057883,-0.929655,3.154443,10.118099,10.89788,-0.321517,0.693238,0.645018,0.790591,-0.178374,0.585788,0.521145,0.698287,-0.490718
0.737313,1.057883,-0.801427,3.766079,9.921784,11.467489,-0.230228,0.728661,0.645018,0.761291,-0.278008,0.585788,0.606161,0.625911,-0.490718
0.737313,1.057883,-0.609084,4.727766,9.471662,12.19424,-0.086693,0.759234,0.645018,0.694108,-0.418409,0.585788,0.714631,0.498496,-0.490718
0.737313,1.057883,-0.416742,5.710876,8.85002,12.744399,0.06004,0.761805,0.645018,0.601326,-0.543378,0.585788,0.796745,0.352695,-0.490718
0.737313,1.057883,-0.224399,6.679149,8.079786,13.097678,0.204559,0.73628,0.645018,0.486366,-0.648306,0.585788,0.849473,0.193887,-0.490718
0.737313,1.057883,-0.032057,7.596874,7.189368,13.241045,0.341532,0.683599,0.645018,0.353467,-0.729324,0.585788,0.870871,0.027927,-0.490718
0.737313,1.057883,0.160285,8.430205,6.211605,13.169214,0.46591,0.605706,0.645018,0.207533,-0.783443,0.585788,0.86015,-0.139062,-0.490718
0.737313,1.057883,0.352628,9.148405,5.18256,12.884833,0.573104,0.505473,0.645018,0.053944,-0.808667,0.585788,0.817705,-0.300923,-0.490718
0.737313,1.057883,0.480856,9.549958,4.486746,12.58203,0.633038,0.428036,0.645018,-0.049909,-0.808926,0.585788,0.772511,-0.403018,-0.490718
0.737313,1.057883,0.673198,10.019957,3.45687,11.970412,0.703187,0.299132,0.645018,-0.203622,-0.784468,0.585788,0.681224,-0.543258,-0.490718
0.737313,1.057883,0.865541,10.316194,2.47731,11.19046,0.747401,0.159196,0.645018,-0.349825,-0.731078,0.585788,0.564814,-0.663462,-0.490718
0.737313,1.057883,1.057883,10.427742,1.584195,10.270937,0.76405,0.013388,0.645018,-0.483126,-0.650724,0.585788,0.427571,-0.759196,-0.490718
0.737313,1.057883,1.250226,10.350488,0.810464,9.245759,0.75252,-0.132913,0.645018,-0.598608,-0.546371,0.585788,0.27456,-0.82693,-0.490718
0.737313,1.057883,1.442568,10.087281,0.184653,8.152735,0.713235,-0.274313,0.645018,-0.692012,-0.421866,0.585788,0.111422,-0.864165,-0.490718
0.737313,1.057883,1.570796,9.813023,-0.138726,7.406209,0.672301,-0.363267,0.645018,-0.740278,-0.32991,0.585788,0.0,-0.871319,-0.490718
0.737313,1.121997,-1.442568,0.758745,9.665421,8.430165,-0.625708,0.40453,0.666967,0.771502,0.194641,0.605722,0.115213,0.893572,-0.433884
0.737313,1.121997,-1.250226,1.35416,9.819388,9.560383,-0.53684,0.516679,0.666967,0.794482,0.043572,0.605722,0.283903,0.85507,-0.433884
0.737313,1.121997,-1.057883,2.082232,9.777032,10.620448,-0.428173,0.609773,0.666967,0.788161,-0.109103,0.605722,0.442121,0.785031,-0.433884
0.737313,1.121997,-0.865541,2.916109,9.539917,11.571261,-0.303713,0.680377,0.666967,0.75277,-0.257755,0.605722,0.584034,0.686039,-0.433884
0.737313,1.121997,-0.673198,3.825035,9.116786,12.377754,-0.168053,0.725888,0.666967,0.689616,-0.3969,0.605722,0.704406,0.561745,-0.433884
0.737313,1.121997,-0.480856,4.775488,8.523246,13.010184,-0.026194,0.744626,0.666967,0.601028,-0.521407,0.605722,0.798798,0.416733,-0.433884
0.737313,1.121997,-0.352628,5.414908,8.043455,13.323292,0.069242,0.741863,0.666967,0.529418,-0.593984,0.605722,0.845531,0.311163,-0.433884
0.737313,1.121997,-0.160285,6.356503,7.217291,13.61735,0.209778,0.714946,0.666967,0.40611,-0.684234,0.605722,0.88942,0.143795,-0.433884
0.737313,1.121997,0.032057,7.24626,6.290774,13.691625,0.342578,0.661661,0.666967,0.267823,-0.749247,0.605722,0.900506,-0.028877,-0.433884
0.737313,1.121997,0.224399,8.051363,5.298075,13.543379,0.462743,0.583972,0.666967,0.11966,-0.786627,0.605722,0.87838,-0.200484,-0.433884
0.737313,1.121997,0.416742,8.74212,4.275808,13.178079,0.565841,0.484746,0.666967,-0.032918,-0.794995,0.605722,0.823857,-0.364697,-0.433884
0.737313,1.121997,0.609084,9.293053,3.261675,12.609198,0.648069,0.367642,0.666967,-0.184281,-0.774042,0.605722,0.73895,-0.515459,-0.433884
0.737313,1.121997,0.801427,9.683844,2.293079,11.857717,0.706396,0.236978,0.666967,-0.328847,-0.724541,0.605722,0.626788,-0.64721,-0.433884
0.737313,1.121997,0.929655,9.848024,1.690398,11.268724,0.730901,0.144701,0.666967,-0.4188,-0.676541,0.605722,0.538879,-0.722049,-0.433884
0.737313,1.121997,1.121997,9.943046,0.875654,10.277371,0.745083,0.002314,0.666967,-0.540403,-0.584008,0.605722,0.390916,-0.811745,-0.433884
0.737313,1.121997,1.31434,9.853952,0.194447,9.189419,0.731786,-0.140158,0.666967,-0.642076,-0.469935,0.605722,0.228535,-0.871503,-0.433884
0.737313,1.121997,1.506682,9.584028,-0.328097,8.044995,0.691499,-0.27746,0.666967,-0.720068,-0.338531,0.605722,0.057725,-0.899118,-0.433884
0.737313,1.186112,-1.506682,0.206241,9.219361,8.27669,-0.653121,0.320306,0.686176,0.754921,0.204344,0.623167,0.059388,0.925012,-0.375267
0.737313,1.186112,-1.31434,0.697172,9.387804,9.454074,-0.579847,0.439249,0.686176,0.780062,0.056266,0.623167,0.235117,0.896602,-0.375267
